500
173 485 34
405 37 29
406 71 44
239 8 38
290 116 29
187 397 42
90 327 23
433 144 13
0 52 25
385 238 13
64 186 4
19 405 36
483 7 12
337 185 29
446 405 13
362 190 48
153 448 8
374 381 26
416 497 46
75 184 34
262 149 24
9 447 37
227 141 47
202 373 28
147 148 48
88 125 32
56 26 6
187 454 46
89 292 27
6 387 46
175 120 9
387 234 42
309 52 26
31 320 31
65 256 25
87 463 46
23 177 12
270 177 12
386 238 12
183 97 19
89 294 40
140 272 24
416 142 6
108 89 20
203 431 23
180 370 0
301 296 48
463 56 17
82 51 27
208 202 15
250 60 12
445 438 33
296 411 8
479 183 5
55 163 6
230 257 35
482 357 29
176 254 22
457 372 18
351 241 17
446 256 45
413 277 48
214 155 0
81 412 16
210 7 36
46 402 23
81 128 24
76 59 38
223 408 49
428 367 27
108 405 9
359 65 20
215 55 8
102 455 12
373 431 0
91 2 27
91 141 44
106 79 36
30 9 32
176 8 40
267 432 12
273 183 3
441 21 24
105 116 21
491 188 44
319 214 15
299 171 5
182 156 22
168 493 15
217 75 39
197 482 17
261 324 38
472 103 7
439 24 38
422 419 14
230 288 9
277 446 1
40 412 43
378 274 27
3 405 27
27 276 7
422 414 34
28 159 5
126 66 44
413 431 49
264 123 47
14 359 2
437 12 34
256 360 20
480 118 37
385 17 23
220 66 34
485 16 20
261 165 35
124 277 34
430 396 49
2 461 11
162 247 45
416 207 22
397 320 34
285 354 0
14 319 26
248 2 20
351 393 17
337 49 18
81 180 49
59 184 19
442 297 2
129 413 43
495 89 7
474 249 10
219 50 28
467 172 47
76 30 31
265 231 1
453 292 37
150 67 13
288 38 47
234 355 48
406 415 47
468 208 40
52 218 4
327 198 45
302 34 47
84 36 43
189 282 39
92 287 20
63 371 38
290 414 25
354 493 2
37 282 19
102 447 20
52 420 37
96 70 32
188 166 1
448 450 36
264 312 24
101 14 36
324 148 11
50 337 0
34 103 7
364 52 12
95 175 17
326 40 35
161 382 28
69 47 17
124 362 19
251 270 16
258 411 17
487 220 24
164 281 42
47 41 43
17 61 38
179 107 11
330 399 7
258 42 0
486 158 40
382 30 49
236 347 23
266 191 10
298 478 21
60 126 43
342 415 0
348 259 42
197 499 40
16 437 36
482 168 18
52 73 4
470 274 7
68 65 16
453 256 3
178 472 27
72 291 5
96 81 26
155 396 37
466 102 20
89 288 1
171 413 1
279 114 38
348 301 49
257 179 11
329 66 43
93 162 11
486 32 13
275 56 9
6 286 38
413 265 14
74 240 24
369 15 16
108 274 36
56 358 40
262 184 33
1 495 16
198 264 17
24 59 14
366 421 25
148 419 41
97 249 18
168 433 15
230 258 18
152 246 31
324 283 43
166 360 35
112 31 32
397 73 43
5 204 8
134 260 15
103 158 49
87 102 6
239 454 24
68 281 44
173 217 29
208 296 35
34 279 32
425 349 43
363 61 7
154 445 17
339 248 42
378 119 27
422 443 32
165 311 13
336 466 37
72 126 10
376 108 19
15 239 4
72 33 48
39 252 28
114 38 36
208 343 29
12 495 47
405 362 7
165 245 42
237 365 37
496 84 47
95 347 48
179 87 42
81 173 8
167 22 42
99 211 24
415 59 24
85 275 43
394 179 6
222 220 4
203 120 29
288 355 8
146 495 19
220 48 41
318 492 27
358 182 12
68 19 19
204 219 5
452 449 39
200 190 27
44 351 26
293 494 40
420 375 38
303 51 6
265 74 3
78 384 5
434 444 44
414 208 14
324 217 16
322 261 29
268 258 44
463 374 10
193 224 7
183 123 44
80 88 26
252 235 38
143 173 0
410 154 11
115 140 34
340 324 48
288 230 30
406 186 22
386 280 28
276 7 46
156 66 9
35 213 49
243 319 46
84 199 33
105 213 12
113 253 10
13 374 19
498 1 10
15 337 45
457 162 11
84 265 7
496 250 12
134 145 5
492 270 5
431 450 34
334 241 36
371 462 43
396 264 5
395 264 33
93 135 28
116 477 48
130 309 23
319 313 37
235 113 20
450 395 1
228 347 32
442 491 15
297 382 13
334 448 32
8 497 43
168 133 1
423 340 9
203 101 7
52 104 39
255 427 5
311 268 13
15 363 44
169 268 24
236 115 28
51 421 46
467 342 48
367 331 18
448 494 19
320 4 44
40 471 6
285 246 33
468 282 2
394 481 40
72 87 25
60 322 44
184 234 10
11 163 24
118 2 14
268 342 6
0 41 18
398 320 33
46 442 23
138 152 38
56 41 8
40 116 43
141 6 12
20 189 47
267 347 34
204 11 5
43 449 46
95 388 32
59 239 48
228 143 10
324 102 30
105 336 16
188 188 43
400 233 25
255 51 17
207 184 10
41 119 36
420 426 5
417 184 35
420 133 44
65 195 48
288 40 4
167 13 24
208 24 47
401 183 43
396 177 29
387 384 33
204 50 30
246 332 30
71 416 27
187 308 32
201 449 28
254 211 5
407 227 3
195 418 8
304 238 33
449 207 23
54 439 43
218 191 0
147 203 49
474 408 14
242 77 36
215 363 29
463 43 22
363 144 15
230 394 45
403 274 11
174 299 6
303 270 2
88 279 37
25 368 29
210 173 21
191 292 22
486 121 19
252 441 16
132 129 29
77 447 28
77 20 16
150 459 35
276 376 30
90 53 32
351 368 4
53 108 39
267 216 5
16 157 22
62 282 22
72 394 35
35 43 29
49 112 19
238 22 41
463 420 17
379 399 46
134 358 5
402 9 26
95 57 17
112 114 16
179 36 10
184 53 28
172 250 47
18 61 24
180 21 6
241 55 2
145 119 25
56 260 6
260 379 24
331 411 22
210 259 10
9 64 34
166 469 46
366 442 35
34 493 38
363 240 16
111 285 27
460 167 14
393 435 42
465 364 27
317 48 7
487 365 33
54 391 18
101 88 14
490 323 22
59 266 22
221 320 7
146 420 16
444 133 33
71 338 34
335 372 31
247 85 25
184 174 39
240 143 28
357 43 32
85 492 14
99 83 34
65 188 10
378 234 0
32 224 31
378 481 43
25 331 44
63 301 24
143 362 12
434 140 17
471 129 34
35 152 48
251 178 46
43 459 1
72 120 43
332 258 24
109 389 38
21 460 33
306 124 49
430 60 26
45 7 45
310 60 16
381 124 33
468 332 40
462 414 28
300 487 23
145 5 11
186 60 15
486 277 42
430 146 37
311 127 8
183 486 29
12 20 37
411 159 31
349 449 30
114 222 3
12 254 27
56 303 0
140 37 31
0 214 43
134 432 48
337 208 17
78 325 26
246 188 47
58 2 12
360 455 29
302 156 14
241 400 48
351 358 40
40 43 43
35 244 30
421 373 40
105 382 25
287 21 44
445 120 8
349 192 26
97 237 39
233 410 42
312 49 46
192 133 39
96 80 42
80 206 42
81 58 18
140 290 32
86 59 16
330 123 16
474 485 26
223 101 36
435 185 37
498 8 44
191 409 35
482 319 28
78 230 42
60 455 14
229 333 27
174 45 30
39 191 49
99 332 21
477 266 35
210 36 36
368 36 48
293 205 31
174 410 41
279 223 21
365 29 14
161 194 32
110 432 33
466 100 35
395 68 29
387 494 6
80 302 33
165 207 26
36 143 14
91 499 15
239 445 28
303 139 6
27 297 24
236 155 29
467 124 28
353 340 42
394 289 21
196 94 44
420 304 31
327 435 8
146 435 48
289 72 10
121 338 33
216 98 35
155 244 41
371 76 4
77 262 37
31 183 33
88 370 13
71 29 18
235 128 4
422 233 46
378 184 36
144 250 47
310 325 45
292 130 2
376 429 45
419 374 49
238 259 47
496 31 49
130 251 7
171 430 39
123 13 46
364 23 45
207 32 34
351 180 15
257 271 32
50 46 35
363 72 49
337 296 44
330 254 49
445 232 35
426 245 46
423 44 5
59 323 36
31 102 15
128 242 4
452 418 20
462 461 47
237 384 6
219 56 25
412 7 8
253 466 9
1 456 1
6 127 46
405 174 24
74 277 17
335 348 6
76 135 39
158 405 49
23 135 17
333 269 23
398 420 5
397 112 3
90 168 29
104 424 31
465 304 25
192 287 14
59 20 26
229 240 45
321 389 34
218 310 48
308 168 44
272 191 23
422 203 17
269 397 11
254 456 26
228 347 3
386 316 29
411 265 38
85 308 19
335 49 2
196 418 4
240 416 16
358 204 33
180 220 17
231 243 30
213 494 24
391 20 0
328 453 18
214 350 30
203 213 46
47 469 16
279 96 9
403 499 25
144 242 43
147 293 10
0 379 37
211 158 37
440 131 44
50 70 19
97 486 32
351 333 47
261 327 27
315 73 29
198 420 40
191 164 2
92 491 3
178 288 47
98 472 7
58 124 48
144 271 2
199 128 47
425 394 47
264 303 46
158 195 7
316 143 30
304 81 10
193 103 42
184 225 49
448 462 30
37 61 10
469 263 23
42 298 29
490 304 49
193 356 31
151 374 7
229 176 19
17 308 39
116 125 17
439 399 2
393 367 45
112 34 23
140 134 29
400 60 8
241 241 33
131 277 2
20 482 22
416 76 4
42 221 7
131 104 24
152 337 16
77 413 18
225 218 49
272 301 6
218 364 5
358 69 10
403 340 42
68 458 4
148 270 45
292 103 31
81 316 5
254 226 2
488 477 19
262 157 21
301 44 10
190 65 15
17 276 36
98 238 35
407 2 28
154 15 21
2 212 31
421 223 28
248 423 17
49 155 38
372 311 25
93 25 45
91 208 1
163 84 0
452 434 22
480 32 49
371 487 9
160 197 24
128 55 6
100 52 39
430 415 49
286 1 24
316 338 19
1 249 10
231 409 46
117 167 35
190 164 21
324 220 18
354 345 15
245 308 1
35 305 47
48 342 49
363 460 48
140 425 9
191 103 23
328 29 23
398 31 7
110 131 40
136 479 25
391 339 17
269 157 11
162 440 12
157 136 9
70 21 39
322 464 4
66 305 18
193 280 13
254 217 4
435 97 49
455 242 39
476 151 42
329 391 20
301 414 4
350 136 49
87 10 37
116 409 45
170 494 47
180 109 26
124 411 19
101 147 4
363 442 16
28 63 16
371 435 48
298 278 40
93 365 22
412 452 13
248 462 47
270 136 19
17 85 45
157 54 21
212 408 41
149 334 44
93 212 23
256 215 9
397 297 4
397 386 39
395 282 18
312 192 31
50 58 8
454 73 34
375 163 2
12 279 14
41 364 28
397 276 11
435 89 37
340 264 22
54 458 36
246 145 21
163 121 3
434 250 34
262 381 38
121 368 39
35 99 4
25 278 11
181 337 41
398 468 40
106 308 46
185 58 31
296 154 39
79 211 33
318 25 7
440 252 24
224 452 4
497 374 4
5 449 17
212 157 12
64 434 36
440 272 1
443 34 28
333 20 26
409 25 42
46 382 0
95 173 18
132 135 3
4 104 3
217 253 14
428 388 0
367 236 0
83 446 10
162 54 26
90 256 10
168 314 12
131 236 38
9 450 26
326 497 0
296 397 47
295 80 13
385 109 49
33 2 26
10 174 18
76 231 34
492 486 9
207 401 2
61 349 25
308 404 41
273 430 2
155 71 40
57 61 18
221 92 17
72 376 45
466 408 1
349 322 46
42 191 27
377 197 48
179 466 42
399 392 44
52 31 24
253 97 38
282 293 21
226 174 15
437 2 48
409 364 0
367 405 22
188 332 31
196 188 12
268 218 12
106 420 15
265 280 46
173 205 30
157 318 45
125 66 38
65 152 27
23 102 9
286 52 4
239 336 44
100 157 30
408 38 14
418 190 23
35 314 12
73 466 6
475 32 43
469 321 36
359 171 29
334 368 23
383 482 30
269 106 41
427 214 16
468 396 23
4 352 21
346 249 2
386 161 20
430 400 8
380 93 9
117 315 29
143 388 6
142 295 19
126 207 16
375 288 41
269 488 12
291 136 32
464 202 46
323 401 17
483 453 42
78 254 13
50 120 19
193 466 27
321 202 46
134 215 0
160 339 14
44 412 22
114 314 22
78 280 20
301 197 1
54 175 40
24 219 18
262 179 22
359 462 26
373 371 23
233 390 46
392 228 3
388 471 23
115 442 41
113 96 34
459 71 46
193 125 16
367 210 49
439 441 43
151 246 0
105 163 10
26 298 27
56 347 10
131 346 30
364 244 15
164 388 19
328 452 5
354 421 15
306 107 47
74 256 19
1 34 9
424 471 6
410 457 6
353 68 44
403 29 48
204 466 7
54 216 21
134 322 7
282 384 28
386 157 24
67 436 15
11 90 40
73 310 33
270 483 6
493 412 6
24 278 9
131 215 26
240 244 30
426 132 43
448 48 40
47 185 17
224 119 22
425 165 9
150 249 1
414 43 4
264 155 36
403 334 46
280 400 33
369 461 47
147 299 14
475 165 23
280 306 17
440 121 6
240 281 22
171 490 44
328 286 9
134 34 28
464 173 1
498 95 28
251 227 44
363 48 49
10 353 25
379 365 31
422 355 41
306 452 0
96 405 38
267 410 2
0 86 3
286 108 38
14 221 25
478 118 48
241 407 4
383 491 21
214 90 35
19 408 33
54 357 43
301 350 0
237 416 26
241 382 7
75 76 40
266 343 40
399 223 7
62 242 41
279 205 2
186 131 25
494 91 12
59 66 27
466 269 44
451 99 30
476 66 44
366 333 14
333 61 31
155 268 20
253 51 33
377 181 48
379 420 41
342 109 17
200 355 43
465 75 3
78 123 9
369 498 27
439 443 13
235 217 44
232 373 48
2 334 41
213 253 0
322 17 21
175 303 36
478 256 12
178 102 42
287 420 44
195 156 48
392 309 9
65 191 0
34 339 30
490 269 28
381 369 36
20 423 2
102 75 17
222 258 6
227 346 17
341 359 6
362 161 9
102 403 34
285 301 44
3 113 38
256 481 26
324 252 45
384 90 28
161 343 40
129 403 18
309 225 17
333 479 29
280 34 41
326 270 29
12 199 29
423 373 34
143 158 9
156 5 34
320 362 12
212 266 10
150 255 28
159 174 22
149 470 16
254 426 45
300 287 43
208 391 13
316 236 46
106 458 35
337 462 11
253 355 14
333 186 34
63 136 2
214 177 16
301 351 30
476 185 48
43 147 33
170 233 44
319 439 1
137 388 44
178 391 42
246 91 8
53 465 22
89 201 27
430 33 31
69 330 14
78 93 24
306 258 5
57 408 9
168 368 23
61 58 38
296 23 36
215 493 22
238 402 30
350 14 44
166 197 35
141 475 40
461 212 0
162 43 12
15 5 38
194 421 23
260 163 44
15 186 12
60 1 11
245 385 40
299 76 4
474 31 39
0 219 27
80 43 27
110 293 5
438 66 12
382 430 27
173 429 45
54 169 5
26 373 24
407 287 13
179 156 20
483 460 1
380 82 29
407 353 32
460 353 15
385 30 12
453 357 46
318 442 41
108 49 33
444 432 42
389 105 7
172 405 13
357 252 13
199 292 23
287 237 27
106 4 12
479 93 41
263 474 6
138 447 19
384 458 15
299 297 46
400 141 23
99 73 39
134 158 42
269 401 27
401 273 15
33 54 28
383 463 11
32 496 18
163 431 19
277 4 16
34 50 34
128 25 45
456 41 26
498 347 38
144 394 32
101 220 22
258 341 21
143 401 7
112 150 11
147 372 33
320 4 18
230 455 38
274 469 20
416 226 22
129 258 48
360 90 31
473 249 15
361 186 3
168 108 16
28 452 45
458 1 0
488 392 16
80 28 18
428 168 9
350 277 35
41 309 22
253 230 31
440 70 36
202 453 42
297 131 29
497 140 27
56 474 27
68 350 19
59 284 7
207 393 12
90 481 5
340 372 17
80 206 14
115 350 19
171 438 11
491 409 45
124 392 2
234 302 10
462 323 15
29 402 25
225 478 24
150 342 27
467 398 8
186 73 6
69 255 46
376 251 41
74 467 10
497 57 41
417 61 3
316 323 10
472 103 36
96 495 27
279 124 30
367 93 11
442 62 10
204 441 13
216 148 43
287 62 9
244 233 44
319 367 5
476 99 31
173 260 32
293 203 9
255 360 31
495 266 19
309 451 47
53 194 4
132 88 35
137 499 47
329 272 8
283 129 0
378 180 2
281 292 11
113 193 39
446 385 30
102 289 28
243 339 5
393 395 30
371 216 41
374 412 18
488 307 38
279 29 7
404 235 15
28 431 38
202 492 26
372 129 24
293 30 36
490 180 31
282 203 42
222 73 10
450 486 14
454 474 20
70 280 33
373 188 8
66 486 9
347 209 37
304 37 10
318 345 26
267 459 25
498 201 17
309 158 15
71 171 34
272 196 4
325 350 33
129 432 39
250 278 29
128 433 44
197 261 1
177 179 15
275 474 39
118 121 45
350 390 20
347 213 21
385 248 24
309 401 23
304 442 37
103 174 19
157 200 4
200 41 3
499 24 38
345 50 2
485 306 12
152 359 5
151 63 49
450 206 43
41 367 22
424 217 19
149 44 38
428 243 0
16 488 48
305 188 47
4 35 42
456 171 45
490 269 44
408 80 45
429 305 15
155 125 3
214 155 35
164 79 0
278 71 6
54 409 47
309 18 18
367 142 30
263 359 32
279 98 35
344 73 41
32 129 49
90 415 1
352 113 43
157 9 48
471 191 37
50 291 16
378 453 48
33 307 3
487 323 14
15 419 34
74 186 15
437 96 45
435 141 12
226 144 22
129 52 31
387 371 42
104 378 26
177 186 24
88 494 48
473 55 12
324 12 29
489 45 7
320 360 42
135 204 17
46 206 2
496 164 13
211 125 45
161 215 6
199 323 11
53 117 18
320 81 20
330 337 49
69 113 7
149 234 47
183 284 31
4 378 47
137 196 2
373 165 12
231 206 18
143 396 9
133 420 30
321 303 41
84 275 28
388 128 28
304 344 14
122 492 9
286 176 8
388 487 20
374 165 0
247 355 11
188 408 20
220 488 30
175 136 5
486 355 23
160 307 48
102 372 6
385 23 29
459 380 44
163 282 47
460 322 5
56 476 17
496 17 42
304 333 27
337 453 43
201 489 21
398 422 46
164 93 43
410 444 33
438 324 3
160 55 17
471 482 25
427 495 1
488 78 29
36 78 37
102 342 44
14 456 30
302 289 32
497 458 21
468 156 10
377 406 49
279 379 46
233 156 16
406 417 13
294 144 7
93 475 20
408 329 45
466 207 26
214 374 42
242 365 37
54 336 45
349 338 21
250 67 41
227 475 36
346 21 22
49 179 4
218 279 26
442 443 9
20 479 0
316 234 31
424 429 35
381 301 22
246 251 32
238 205 40
404 55 41
304 122 21
351 374 13
185 318 28
325 357 49
147 143 23
88 113 6
88 282 28
147 408 9
79 118 19
317 130 33
81 224 39
309 466 46
126 75 31
308 313 46
424 193 25
412 137 14
488 474 10
296 95 24
190 381 44
172 47 44
312 400 28
483 428 33
405 393 15
230 346 40
132 406 4
2 98 22
438 127 44
115 447 0
39 63 49
32 67 20
433 32 1
373 38 49
136 29 36
46 256 17
21 488 3
146 490 0
170 347 38
439 5 43
371 366 45
28 348 6
186 280 19
284 83 16
350 199 10
36 57 39
316 178 19
419 39 16
150 392 8
190 294 18
49 179 4
21 245 1
283 14 27
297 406 23
396 113 9
369 97 36
378 232 12
410 376 22
155 229 13
402 31 12
452 350 21
285 463 1
448 152 7
187 12 14
491 196 48
407 14 0
194 446 1
457 44 12
33 260 45
106 361 0
349 319 48
52 359 31
122 334 26
344 183 10
461 493 48
114 444 6
27 53 47
10 217 8
473 135 30
240 437 40
207 488 40
370 2 35
499 297 36
323 479 43
386 360 6
285 11 21
257 418 16
331 301 48
483 484 31
360 192 40
249 270 24
13 354 24
176 407 41
139 443 18
280 187 24
67 295 15
224 82 24
193 242 5
265 219 25
309 442 28
326 83 15
3 269 38
345 73 27
5 175 34
225 91 35
476 57 43
215 60 29
376 276 36
343 13 8
338 396 31
298 17 9
416 51 20
30 78 8
359 271 11
434 416 25
377 56 20
469 164 39
431 260 4
178 215 13
274 393 49
288 367 33
41 445 47
177 211 3
391 113 47
336 209 38
137 423 39
407 259 19
283 143 7
220 324 5
401 25 45
56 471 6
414 76 18
115 486 34
308 196 13
265 213 32
91 233 46
61 90 5
432 247 14
9 219 49
374 141 36
210 378 3
433 379 21
323 477 23
230 316 1
385 296 12
189 438 1
329 215 40
282 278 34
472 430 19
29 478 16
257 380 25
444 282 49
242 313 37
53 280 24
293 152 20
356 468 12
102 345 2
138 328 3
182 391 22
413 288 43
164 316 2
317 259 39
351 161 30
431 366 42
250 368 40
453 333 26
282 187 31
467 10 9
88 472 12
202 207 44
181 4 38
215 261 25
173 330 27
464 48 23
16 73 13
166 306 39
8 142 48
3 198 7
267 319 6
457 226 12
310 372 14
125 274 49
368 288 28
36 487 11
35 141 5
113 336 22
72 62 36
389 62 3
444 231 37
171 412 28
408 278 42
474 245 24
18 168 3
32 43 41
26 334 35
363 36 42
176 357 25
342 45 4
104 26 23
424 223 6
52 12 27
213 288 14
432 218 42
427 439 14
219 494 10
448 101 1
493 209 13
359 114 29
71 35 49
418 443 29
55 248 21
221 187 38
152 390 36
255 368 42
338 256 27
395 196 19
28 286 35
499 130 4
480 467 41
295 294 30
65 18 48
230 284 27
448 322 35
436 35 35
95 466 34
106 207 49
73 486 23
210 124 18
157 294 14
411 260 23
127 335 2
446 444 0
40 295 22
139 410 39
289 95 19
216 63 2
336 328 17
466 47 7
55 337 25
392 119 31
14 412 11
211 434 12
76 250 46
242 298 20
135 161 47
211 36 48
193 394 25
452 358 27
283 489 6
429 153 33
357 28 47
176 68 7
182 189 9
242 58 15
99 57 23
251 488 25
23 497 36
459 471 14
462 40 28
27 152 0
277 477 30
380 114 2
78 355 18
90 441 48
386 327 4
253 50 5
265 329 47
472 170 34
209 152 7
469 208 45
485 208 24
260 171 47
397 86 36
414 90 3
496 47 24
238 79 5
337 383 31
325 120 43
420 470 12
166 92 13
347 199 9
128 388 4
326 92 19
80 417 30
20 30 31
421 134 24
332 171 13
318 288 25
429 437 47
466 338 43
419 136 27
456 489 22
375 168 38
8 370 11
278 48 25
198 479 13
473 386 5
45 186 47
446 455 41
301 414 37
316 490 9
473 393 27
376 390 2
445 371 32
112 193 5
309 43 25
360 421 19
84 67 34
395 479 14
345 447 25
405 86 17
97 156 35
118 430 37
73 140 35
47 357 7
44 319 1
374 35 24
494 467 42
46 107 40
243 317 6
108 285 32
497 101 15
298 453 9
151 199 46
95 488 19
379 207 21
459 354 14
469 484 28
193 165 12
331 44 17
406 243 38
117 143 34
307 250 42
113 378 5
11 52 9
63 293 29
278 301 21
203 26 46
185 117 41
363 291 2
321 231 31
136 233 25
157 67 31
414 73 19
95 73 24
0 343 41
185 0 28
191 144 18
415 203 13
437 359 19
31 275 24
487 440 22
457 19 35
430 119 30
444 341 20
477 278 5
9 406 45
489 134 7
25 181 16
77 384 9
11 332 4
8 213 2
161 270 11
169 166 45
339 85 15
213 386 35
480 61 45
207 129 4
36 9 42
61 423 26
382 497 7
124 79 37
210 134 2
111 138 18
259 41 26
98 393 46
398 429 39
254 76 12
386 230 45
416 268 26
427 5 14
105 19 17
308 399 20
26 18 43
248 101 36
271 56 30
438 440 14
327 341 43
376 230 20
112 236 17
226 327 3
290 419 15
348 398 45
122 458 6
434 335 5
95 319 45
323 189 42
396 444 40
327 408 42
204 190 5
226 418 15
337 449 42
462 453 11
416 188 8
491 315 0
254 346 1
157 357 34
477 164 49
152 340 6
475 436 28
104 150 18
304 77 44
442 153 26
222 237 23
48 396 40
446 47 22
19 275 45
91 394 15
441 210 28
83 21 44
335 44 38
231 18 38
250 26 43
9 413 21
241 143 47
279 107 22
467 88 35
268 370 46
420 73 1
284 124 48
97 254 37
77 52 19
456 465 22
252 275 16
472 331 22
123 15 4
168 335 23
76 122 18
38 238 18
410 192 27
366 424 15
295 420 9
418 392 40
281 188 21
122 211 10
354 173 22
90 116 11
206 160 39
294 231 34
66 299 25
29 216 18
7 282 37
89 79 5
209 288 23
141 495 15
448 379 22
356 382 9
272 364 21
306 45 20
494 355 12
438 368 48
494 383 14
404 449 14
481 493 9
114 189 33
224 378 41
128 361 26
63 130 5
28 102 41
254 86 8
400 222 1
389 485 5
72 371 28
382 409 2
225 314 5
200 207 39
90 64 10
308 16 37
202 137 16
173 443 10
158 307 11
326 407 36
105 37 11
317 45 39
268 222 45
283 62 17
356 99 44
358 231 47
322 72 15
73 33 1
483 368 20
166 375 37
305 35 18
98 242 7
317 248 26
177 311 40
6 59 41
238 293 14
177 239 2
363 151 10
32 210 42
370 108 30
297 286 3
420 276 4
377 214 35
299 82 49
445 24 31
251 280 33
376 11 44
272 358 7
479 304 48
386 380 42
191 10 0
1 248 7
239 495 44
136 36 15
125 60 20
465 241 28
175 12 47
283 354 6
385 459 41
87 266 19
321 44 8
401 81 26
271 118 11
220 300 6
267 276 21
255 409 20
288 229 44
305 161 47
84 283 32
491 53 25
356 229 21
368 12 5
50 31 19
491 86 44
123 5 35
259 49 16
177 137 35
311 378 19
374 272 12
496 436 8
264 67 3
287 140 32
420 123 33
494 278 48
98 468 35
207 168 24
463 355 35
406 435 25
151 58 27
51 457 14
330 93 31
285 27 31
58 469 28
161 90 40
19 9 12
460 213 12
429 74 18
338 381 20
360 412 37
248 341 16
297 199 28
111 224 47
133 167 42
155 223 14
238 189 6
161 347 45
4 478 11
43 439 13
251 271 5
275 340 13
239 358 42
261 370 49
423 209 38
224 173 23
179 446 25
1 97 31
226 175 21
57 283 43
246 361 38
407 258 45
263 91 39
446 286 21
409 277 46
137 437 24
98 480 33
220 245 45
405 240 32
213 192 4
191 136 44
294 187 25
193 143 20
143 485 32
175 24 6
442 313 31
486 245 47
331 407 32
63 312 13
403 21 19
197 299 18
370 309 9
236 147 38
54 41 25
213 388 38
467 389 42
87 426 39
285 335 28
260 487 11
203 228 0
462 214 21
136 381 7
458 355 32
315 333 4
273 265 11
317 39 18
20 370 3
93 299 33
160 125 9
367 151 34
350 142 0
107 474 13
324 123 17
354 30 43
320 113 3
444 308 6
462 108 19
492 265 12
337 246 24
431 102 34
452 229 23
154 187 48
369 68 0
251 270 21
54 177 25
384 126 22
488 416 2
375 8 31
277 357 39
25 147 27
447 360 24
52 203 37
150 95 2
282 364 28
183 447 22
236 342 33
315 253 33
59 156 41
165 345 19
111 4 13
490 181 16
217 349 46
369 161 13
439 290 5
144 322 34
491 244 4
148 305 26
152 423 17
426 60 10
25 27 20
117 361 18
187 35 12
232 372 16
328 137 28
420 198 45
384 241 11
92 237 44
492 113 21
297 348 49
85 419 39
196 103 5
406 91 32
160 158 0
449 91 13
165 184 4
17 111 14
129 393 36
8 302 8
383 123 32
2 119 14
269 64 32
345 134 45
153 468 39
303 498 2
109 437 46
245 337 26
102 423 49
79 194 45
464 480 16
429 364 30
181 382 36
340 495 30
36 272 42
498 319 32
186 495 8
265 177 48
36 312 3
438 272 25
228 313 10
404 151 41
395 201 36
365 276 39
381 128 38
151 51 44
233 360 48
112 68 31
319 42 8
173 466 21
273 348 8
17 103 16
103 12 33
479 178 13
230 21 44
100 424 33
74 247 8
308 106 19
28 190 27
132 309 28
154 172 31
22 178 0
192 444 32
340 12 33
70 298 17
125 51 35
452 324 4
202 464 25
480 233 15
381 127 17
341 439 18
371 184 4
226 184 17
260 53 49
417 407 0
487 419 5
65 371 23
404 343 9
465 349 1
411 369 47
126 357 10
322 368 14
12 67 12
72 273 38
233 159 36
216 163 49
302 56 43
314 350 25
10 18 5
413 103 4
397 483 21
51 120 43
45 166 48
39 252 7
346 184 32
221 287 1
166 217 20
481 438 35
399 289 12
176 63 7
12 20 9
462 350 46
199 460 34
318 261 10
462 233 26
210 216 22
85 381 37
490 224 32
242 332 37
186 377 48
280 439 7
325 117 11
243 127 43
283 11 39
363 239 22
67 272 40
478 458 38
438 250 47
341 422 43
410 41 36
263 489 34
388 307 34
352 139 12
44 159 2
155 36 29
326 239 30
354 328 39
329 368 41
140 316 21
373 213 14
292 314 29
391 330 9
477 280 10
263 165 43
298 460 11
151 76 3
120 164 1
84 390 41
119 363 31
476 203 8
165 285 38
467 319 21
458 484 13
282 352 0
443 7 25
231 62 42
363 166 19
392 200 32
373 492 2
410 323 15
369 130 26
165 79 45
337 444 33
464 92 46
279 256 9
184 385 20
375 392 3
313 377 3
187 1 46
458 22 19
163 243 26
339 364 36
151 391 1
249 193 48
219 186 30
377 112 5
79 305 2
389 200 10
264 146 27
285 315 15
232 428 40
431 90 14
123 415 7
113 452 2
341 422 12
419 469 42
234 20 32
3 311 47
495 36 24
404 174 13
238 263 15
126 425 4
84 277 38
180 42 1
58 68 12
146 154 16
70 178 27
363 153 24
467 319 42
350 194 31
192 387 39
58 165 8
427 365 38
203 268 8
452 22 36
444 458 1
480 178 36
492 163 31
202 170 17
131 185 49
204 395 28
328 176 17
457 334 2
316 297 43
93 91 7
386 59 23
166 495 18
454 134 29
198 148 42
80 451 28
489 19 33
438 333 19
122 378 42
318 385 39
257 173 16
420 215 42
448 186 34
44 447 37
245 79 15
146 3 21
150 455 9
392 107 32
204 379 43
209 37 24
19 250 46
161 303 31
244 415 10
278 147 6
287 286 36
431 438 15
161 32 4
86 433 38
322 196 1
110 200 48
444 22 39
408 286 16
179 490 33
132 95 26
48 434 37
198 393 27
37 164 27
302 74 19
59 332 40
95 128 29
197 104 49
493 352 1
28 463 3
349 341 14
217 303 1
69 300 10
282 156 29
428 472 28
415 68 36
286 176 37
462 360 19
430 240 13
441 324 2
224 279 17
411 101 44
233 392 42
484 131 6
52 260 47
342 397 46
81 403 47
278 339 7
188 459 15
384 490 2
330 401 6
222 377 37
46 161 16
202 361 32
67 155 16
426 442 22
121 461 48
89 431 48
81 440 34
301 430 33
192 357 38
156 490 40
488 141 21
176 236 35
98 414 42
69 489 45
110 115 5
252 436 45
280 226 17
472 16 34
130 327 32
280 50 21
256 407 38
95 366 26
406 92 45
132 290 39
60 323 36
274 349 29
318 237 27
465 228 40
393 331 40
309 114 13
427 46 0
73 356 13
55 239 30
326 143 28
180 199 19
180 139 23
234 89 8
232 276 34
276 196 49
328 283 3
339 176 35
197 81 7
148 304 24
229 370 1
67 30 24
16 446 11
317 473 26
272 195 15
278 87 4
158 404 26
260 31 26
167 398 27
147 152 3
43 477 13
94 418 16
300 204 38
468 56 38
206 242 35
174 496 19
245 227 45
468 303 12
9 379 26
132 289 40
55 166 13
149 482 20
74 337 46
103 132 18
431 303 33
32 301 41
38 152 3
391 123 2
418 233 19
9 74 43
259 400 13
238 283 13
169 23 31
170 122 20
279 284 35
388 388 18
194 189 17
288 436 25
477 274 48
97 352 41
264 233 35
293 310 32
384 442 19
310 248 8
80 31 6
497 451 4
116 356 2
88 117 1
146 158 17
89 398 16
409 481 23
362 395 45
46 468 27
425 420 47
418 113 32
475 431 10
457 425 43
349 267 43
413 386 1
105 343 38
14 229 31
97 195 34
365 177 36
435 486 34
431 318 16
169 186 29
354 474 46
146 141 34
440 1 39
115 475 7
90 259 35
254 340 33
411 77 41
137 87 18
201 432 25
169 297 39
250 341 19
217 452 47
367 381 24
214 399 27
385 274 22
488 305 47
163 337 44
5 464 41
136 64 44
272 207 39
94 402 34
344 241 28
120 87 5
332 72 35
404 335 38
61 58 41
384 433 26
120 407 49
11 195 47
135 446 49
394 386 13
420 56 27
206 365 35
283 334 34
168 375 43
332 190 38
346 158 5
177 489 49
350 351 28
427 165 26
369 132 19
24 123 15
495 293 2
85 305 21
7 333 17
329 45 12
370 22 36
211 377 18
399 265 48
417 241 23
395 246 42
76 155 48
23 190 18
438 124 46
109 454 27
412 155 19
177 84 9
51 262 40
381 337 1
379 413 39
410 341 24
348 280 17
298 103 17
103 6 7
451 418 2
19 102 9
82 159 23
335 97 14
232 233 16
195 158 27
50 275 10
88 35 36
144 67 25
472 464 46
121 362 21
466 467 47
470 228 23
13 210 21
461 242 8
269 374 10
241 121 27
317 289 32
488 326 27
437 351 15
127 418 28
46 96 18
42 206 6
381 295 35
126 76 25
95 477 20
157 278 18
493 53 43
400 37 12
234 154 35
136 256 10
272 466 34
417 325 2
313 488 28
450 399 47
81 359 38
286 402 11
169 83 32
481 422 1
149 441 1
496 301 33
45 172 42
58 235 18
242 292 49
322 264 32
368 119 30
452 311 24
481 166 5
269 391 2
209 87 27
230 487 0
368 239 33
314 286 8
289 205 3
107 27 18
440 184 49
16 332 46
187 125 5
80 106 19
16 274 39
38 67 48
42 431 15
67 484 14
217 1 30
207 485 43
239 349 37
7 430 12
289 110 33
494 107 11
423 330 9
416 162 32
349 465 46
132 187 8
39 418 9
431 413 11
342 273 34
400 367 17
93 242 2
213 185 45
319 436 26
145 217 13
403 180 33
209 309 17
382 461 36
394 491 37
490 116 30
318 56 45
340 235 14
237 139 2
286 356 5
160 113 11
495 40 44
27 115 36
124 374 18
149 454 34
478 96 40
18 243 8
96 206 21
234 455 15
202 44 31
168 91 31
254 223 31
79 400 20
2 399 33
222 299 28
328 483 28
469 138 38
337 113 25
489 18 3
186 93 7
57 97 47
349 206 28
484 39 5
394 67 31
14 480 39
133 394 14
428 73 14
224 202 33
336 52 30
296 499 14
305 21 43
108 28 23
260 305 46
276 325 45
21 360 16
171 343 29
328 185 4
413 90 45
63 462 3
7 474 32
89 216 41
317 226 4
319 389 24
59 35 13
295 77 10
294 71 47
271 136 1
155 317 31
479 133 40
84 212 34
118 426 15
427 170 48
255 404 43
131 410 25
360 380 5
66 364 43
310 109 43
10 58 36
326 389 41
275 174 10
81 58 47
104 165 25
372 96 20
358 165 20
309 381 16
398 121 43
137 434 42
59 464 0
496 31 38
162 387 32
89 226 17
107 91 4
20 281 31
184 55 12
180 227 41
140 71 33
3 307 4
129 238 10
231 495 18
18 160 23
355 239 19
290 126 34
333 484 26
2 391 35
427 92 49
72 180 42
212 16 12
269 231 7
307 281 33
424 423 26
387 497 41
5 196 42
165 384 5
205 249 34
91 50 34
326 487 10
258 406 49
287 299 40
48 331 42
474 454 45
380 326 17
74 306 7
135 171 25
472 392 21
357 490 31
482 436 45
291 219 42
463 7 6
41 362 43
284 165 22
164 50 8
115 262 12
363 356 24
114 302 18
339 40 36
417 204 43
290 53 33
467 397 3
323 248 19
472 108 40
374 129 34
380 250 1
129 311 39
341 57 32
156 234 2
364 369 27
183 345 2
254 367 3
229 89 28
356 222 48
371 282 47
190 165 14
480 293 16
453 134 43
445 342 45
82 229 44
311 415 48
189 182 26
408 19 27
469 467 39
450 243 35
346 261 39
338 72 16
318 29 29
66 253 14
344 313 29
402 240 20
263 403 42
207 71 12
39 441 7
414 108 3
393 262 23
136 417 18
294 189 27
267 47 30
282 262 21
386 490 19
304 298 15
81 38 12
389 272 30
67 77 35
200 214 24
127 411 19
320 469 14
195 336 36
445 309 37
298 277 38
336 148 21
56 177 47
20 39 8
498 413 9
402 467 34
305 42 19
377 291 41
83 284 36
124 440 30
306 282 46
257 444 35
139 413 16
84 357 13
308 129 22
184 113 27
445 399 8
461 73 17
290 74 10
363 382 35
226 72 49
103 471 21
131 239 27
134 263 36
272 362 9
387 4 29
36 249 36
24 190 29
443 312 20
358 316 31
446 229 46
119 498 11
270 110 18
328 431 22
238 388 44
8 77 4
297 139 0
289 461 16
366 127 30
404 222 15
378 19 33
467 40 25
388 383 15
146 288 34
175 79 48
69 157 6
12 154 4
59 173 19
471 134 5
230 446 10
399 286 49
311 164 29
249 387 35
366 323 37
337 43 18
271 230 49
101 455 11
99 282 34
82 426 42
147 435 10
139 492 13
92 60 26
140 498 29
350 207 49
149 76 23
9 398 49
194 349 30
459 54 29
299 311 11
33 236 16
194 168 33
471 316 9
125 254 39
496 311 5
139 215 3
349 379 9
348 149 7
72 25 8
76 480 37
252 37 11
164 0 3
243 461 38
92 293 24
457 495 25
284 459 16
261 458 22
9 110 17
414 281 26
259 178 42
419 56 0
288 232 28
483 233 11
171 422 5
96 323 39
391 342 33
181 441 16
17 249 49
499 264 29
385 81 19
244 465 21
68 205 1
339 283 21
163 414 25
295 92 39
122 68 5
385 89 41
325 14 45
374 450 26
392 179 41
16 323 20
221 466 6
370 111 18
59 193 20
189 402 17
308 240 22
191 426 1
354 393 22
159 198 42
466 236 35
204 188 41
130 40 38
420 370 9
90 493 39
423 43 25
91 106 18
284 455 23
387 281 47
78 179 15
72 314 13
30 433 29
316 68 15
386 199 11
455 234 35
130 19 42
262 143 27
454 105 15
312 58 3
441 22 1
40 364 14
158 357 43
83 105 38
471 402 15
218 253 12
444 213 16
400 73 0
376 25 20
420 9 36
463 231 32
160 118 22
224 37 44
326 410 38
245 172 29
159 281 2
278 180 3
295 201 11
318 121 35
434 434 18
299 144 20
45 241 20
499 21 42
430 43 37
480 299 21
474 62 7
90 389 47
63 212 6
241 497 46
363 317 17
156 144 1
210 478 17
166 288 26
260 25 7
262 252 2
325 266 39
366 55 22
215 192 14
465 129 49
206 129 1
11 91 9
447 92 40
454 172 41
248 140 34
274 397 20
409 46 9
499 53 16
75 78 48
470 444 48
276 254 20
81 345 26
303 203 34
81 437 11
479 293 44
244 425 13
306 144 19
495 423 23
180 316 11
189 171 34
407 149 0
257 345 39
364 136 24
150 10 43
353 121 42
186 387 1
459 104 7
417 33 40
320 88 5
485 90 41
432 89 9
418 357 22
470 367 41
251 53 23
353 408 23
262 245 31
249 160 3
439 15 33
498 359 36
263 419 23
457 230 45
13 270 20
420 222 1
42 240 35
80 261 17
4 486 38
408 413 39
296 443 14
214 278 16
166 364 40
98 49 45
335 175 7
15 57 44
460 171 44
323 151 27
281 444 29
419 456 0
262 304 43
171 54 41
350 336 31
435 178 48
184 178 44
389 16 36
7 90 46
119 284 9
230 365 29
111 67 25
215 485 8
205 477 40
234 32 8
33 374 12
165 44 31
216 425 49
300 208 33
448 176 3
47 71 33
201 114 48
140 487 29
435 192 26
494 384 27
307 279 26
246 116 43
101 393 3
442 214 38
131 279 28
25 376 13
265 266 23
168 130 3
486 353 15
477 119 42
370 215 28
422 7 22
46 28 17
17 17 0
135 201 33
154 97 13
390 424 28
51 271 28
76 187 5
414 495 40
111 395 1
389 120 7
80 208 34
113 359 23
477 491 34
8 305 15
495 284 14
4 145 45
305 414 1
280 398 18
271 148 19
275 364 3
286 386 44
357 265 41
11 462 32
293 122 17
397 172 35
19 433 16
494 207 35
71 257 45
414 479 31
211 169 6
245 414 2
446 240 40
252 108 13
331 139 25
486 247 9
442 174 46
201 148 32
168 377 39
324 230 33
427 343 36
278 356 30
305 163 12
159 412 35
497 453 34
315 41 27
62 255 46
50 319 31
330 197 36
498 125 22
114 281 0
389 56 36
258 6 7
485 346 11
30 177 35
12 352 5
335 46 28
260 6 36
156 26 26
147 491 30
74 8 38
171 101 45
94 196 18
143 399 15
98 136 23
27 9 24
166 70 43
148 275 40
368 490 41
4 144 12
150 249 0
81 82 39
352 210 33
453 37 26
472 214 47
199 24 15
366 138 34
77 363 12
324 10 46
181 299 39
64 27 11
60 208 41
12 376 4
288 8 38
68 125 16
367 5 38
438 155 9
144 34 32
163 475 9
74 2 9
474 492 13
48 455 38
295 463 45
351 106 4
417 36 33
309 6 6
217 290 48
411 364 36
331 193 34
206 181 19
327 30 11
111 15 28
212 229 32
85 135 48
46 422 18
332 318 17
176 108 20
21 54 10
79 271 40
70 85 5
24 66 22
474 136 46
236 231 28
184 224 35
175 313 7
363 28 40
288 166 42
35 144 25
45 387 1
282 19 10
214 314 48
458 343 5
281 45 24
399 86 42
228 54 21
113 124 14
391 1 3
307 294 20
426 258 4
424 299 24
203 139 16
251 58 26
474 273 44
128 301 42
93 398 28
403 44 33
434 0 21
488 308 15
305 11 43
403 316 23
19 269 4
209 87 12
189 482 33
237 437 10
356 208 6
458 155 11
126 427 10
74 216 15
403 42 28
90 266 25
11 464 26
137 387 35
483 97 19
389 224 19
487 69 2
85 28 34
55 114 24
248 231 12
449 462 41
89 344 27
233 75 15
187 441 3
258 302 41
421 78 10
79 133 19
222 438 3
41 78 2
270 365 1
205 207 11
236 463 38
390 418 31
50 409 27
104 341 44
83 372 2
68 62 30
256 383 20
403 284 35
91 18 21
318 107 37
315 77 39
243 361 36
368 406 47
19 208 24
223 427 17
346 374 44
405 210 33
339 317 1
441 63 25
472 230 15
243 197 28
229 73 37
14 214 45
417 255 10
344 423 33
438 378 13
220 70 42
476 492 21
250 84 42
230 397 23
163 470 16
360 326 24
466 77 38
9 318 33
480 146 2
258 85 48
363 335 46
212 212 16
405 241 0
479 378 15
147 67 42
418 179 31
251 394 46
493 498 25
252 99 44
88 305 45
229 83 10
266 479 30
15 246 18
152 145 37
15 497 20
198 101 45
339 491 3
158 489 13
138 60 37
305 180 4
347 252 31
154 140 13
92 191 19
240 240 30
150 91 0
152 483 19
465 334 23
186 239 11
36 242 32
345 12 11
478 12 33
320 143 37
493 315 17
293 159 14
392 75 26
384 113 15
45 44 27
408 323 32
318 470 18
407 454 46
96 65 28
5 1 42
484 391 30
464 314 45
192 378 34
38 393 30
77 204 17
267 372 11
175 339 46
96 468 3
216 311 26
359 147 4
169 370 17
117 455 26
148 84 11
312 216 21
455 188 17
241 246 31
212 122 28
244 124 17
332 344 25
71 460 19
472 288 2
492 209 31
136 176 30
102 2 49
339 93 35
21 427 28
45 35 49
124 174 39
101 346 1
497 465 4
196 46 40
245 116 8
486 286 34
281 133 1
464 488 34
104 385 48
57 62 4
219 10 47
75 365 43
428 398 34
467 48 42
200 278 41
329 132 34
498 246 19
424 117 35
307 167 26
197 165 8
108 196 9
288 452 34
141 332 46
475 339 46
289 305 35
169 281 28
139 250 23
53 259 24
358 300 20
266 224 27
205 71 41
279 41 47
73 427 29
350 82 36
217 349 48
483 371 41
220 291 3
204 12 25
123 276 44
10 144 10
266 205 22
43 294 49
173 392 16
215 378 17
310 481 26
87 429 2
383 379 23
455 49 28
59 195 49
24 143 2
301 317 34
10 312 38
24 261 28
416 69 27
285 443 35
358 199 16
313 495 35
496 214 36
405 476 0
152 27 9
489 20 34
11 273 46
141 449 40
164 49 18
272 322 9
499 309 9
102 278 14
117 58 41
490 109 28
374 32 47
281 180 11
202 9 13
150 109 32
391 496 24
172 227 40
317 271 1
435 337 23
63 470 11
415 333 14
439 66 1
430 285 19
490 341 11
245 304 18
108 313 25
16 413 27
20 347 7
184 481 2
419 66 4
411 77 30
423 379 8
246 316 26
383 53 36
43 248 38
2 284 29
453 191 10
109 230 26
49 219 9
15 263 4
250 203 3
487 313 34
410 426 25
342 68 30
240 409 10
36 306 21
242 24 45
393 449 6
191 33 10
186 493 34
435 382 30
217 10 12
392 371 35
108 368 35
252 230 2
78 55 30
190 71 30
324 215 20
375 304 29
425 384 0
51 75 39
258 182 23
211 78 24
279 142 21
67 447 28
314 112 35
357 103 30
417 185 18
210 168 20
372 143 17
42 299 48
456 20 33
434 38 2
285 149 47
494 175 12
451 362 47
188 425 39
198 460 47
122 55 37
128 459 30
56 315 49
112 65 13
369 340 16
316 139 41
198 121 13
214 139 37
13 58 28
341 152 11
212 299 23
495 462 19
394 343 13
158 230 39
7 183 22
282 142 24
206 8 47
56 311 1
48 341 3
53 261 49
203 270 22
226 393 27
420 222 17
208 396 5
154 176 42
292 359 16
434 423 10
178 448 38
396 301 44
181 280 3
307 249 23
11 134 33
497 156 49
458 353 21
82 328 10
82 73 48
316 422 18
380 81 27
432 171 36
158 432 18
286 216 28
262 428 8
185 9 41
366 427 43
457 478 38
299 203 9
481 159 30
414 0 42
302 150 46
159 414 1
389 46 25
158 312 36
447 423 13
279 496 9
488 197 24
423 432 1
71 120 11
143 101 27
83 475 45
424 314 25
222 345 28
49 98 31
107 482 48
287 257 38
215 470 17
287 397 8
22 38 2
41 358 40
490 312 16
3 208 31
449 366 4
183 244 0
277 155 27
42 246 38
121 182 25
423 241 44
403 130 7
311 151 35
203 393 15
124 268 16
269 339 48
287 217 19
416 231 3
355 288 17
100 381 7
459 432 19
69 281 10
385 66 17
123 485 43
152 306 41
338 386 43
435 493 10
268 337 27
240 426 48
295 340 31
315 126 42
315 200 24
176 53 8
131 394 18
414 374 10
464 274 7
78 57 39
360 306 24
170 405 19
370 367 25
495 1 6
346 127 32
228 481 48
466 417 36
499 279 43
29 83 42
365 397 32
91 68 0
159 305 8
415 282 34
165 286 38
359 270 3
473 389 17
483 224 27
63 191 15
183 373 20
140 241 38
112 483 19
378 438 49
387 150 40
240 432 5
90 378 40
71 27 27
191 240 31
47 17 2
70 483 24
86 153 41
304 131 23
382 16 28
60 193 9
266 338 15
276 339 33
109 475 14
155 450 23
250 493 31
192 332 15
291 9 8
181 192 35
316 436 8
137 105 18
103 216 45
74 380 19
44 146 11
122 228 41
111 374 25
89 179 26
264 464 18
276 472 42
125 162 0
459 63 15
300 47 40
250 52 18
429 160 20
461 234 37
52 273 46
41 140 4
117 97 38
356 443 4
234 22 39
5 279 0
354 126 11
398 9 25
315 12 32
497 116 0
409 318 11
394 491 30
123 9 10
239 67 45
411 409 6
76 453 42
178 349 44
171 389 34
145 491 31
29 201 21
414 331 3
266 398 30
498 367 30
172 320 49
46 461 46
141 217 34
110 338 3
77 214 43
171 299 2
429 352 39
280 145 40
45 326 44
121 377 15
127 450 27
242 406 0
376 284 28
363 226 26
367 451 45
249 26 44
434 100 19
163 107 13
38 497 26
84 194 39
187 406 8
256 24 43
451 363 40
437 49 0
149 35 21
478 246 46
8 136 41
100 253 2
302 359 32
291 210 3
493 46 45
106 205 29
464 438 20
410 185 0
218 405 44
445 297 23
331 141 22
117 389 33
311 405 47
288 480 25
476 494 16
341 151 34
282 465 21
387 31 45
288 471 28
131 499 27
301 142 17
42 312 21
495 358 4
62 219 34
121 284 13
266 12 1
353 337 47
294 354 10
296 299 8
89 414 26
284 309 7
253 215 14
465 369 40
72 11 19
180 273 45
466 283 17
6 346 42
202 372 39
101 22 35
183 124 48
341 13 24
43 123 49
356 305 20
27 92 4
406 413 41
211 146 23
229 153 6
415 377 27
356 198 41
304 247 6
271 314 28
400 182 42
165 193 40
111 21 7
141 139 22
487 251 16
415 38 11
142 478 10
177 478 16
1 476 19
259 115 30
142 165 22
110 495 6
130 153 33
226 209 4
272 421 29
373 246 39
102 265 49
175 280 35
203 367 14
89 441 9
489 224 34
317 376 35
122 86 26
166 439 44
47 91 2
334 205 16
490 121 45
245 113 23
412 394 3
454 303 20
126 446 41
176 363 1
308 204 26
412 404 37
416 365 21
304 453 6
154 370 3
314 381 3
92 187 30
195 151 4
325 269 24
114 382 49
448 246 13
301 24 36
172 94 27
426 186 1
329 475 25
354 26 34
178 187 17
393 159 16
203 59 28
297 172 35
142 338 8
401 120 44
490 147 8
336 453 17
462 286 13
370 187 43
31 344 28
12 400 6
182 318 46
271 13 24
214 261 21
171 196 31
315 316 8
150 30 25
499 442 11
187 408 9
195 69 34
311 129 46
179 321 15
207 280 43
312 88 7
327 166 0
264 231 1
332 266 18
281 459 30
296 11 40
416 198 37
410 284 16
418 247 21
463 481 12
290 250 44
275 451 17
268 216 36
418 380 16
449 317 49
264 408 42
287 56 22
103 428 38
253 81 15
94 360 7
305 169 7
181 194 6
157 459 15
279 230 7
460 372 44
307 314 13
2 150 2
459 397 40
181 390 46
98 355 29
249 284 32
399 463 47
383 335 37
495 492 28
166 329 30
332 136 0
426 213 4
299 453 42
372 290 43
242 469 26
315 498 15
21 21 37
467 184 42
170 288 40
466 403 18
75 78 28
343 399 35
353 227 21
484 44 21
165 126 7
328 156 46
420 145 6
232 350 21
452 452 3
99 460 15
344 228 31
21 45 10
208 339 33
195 47 36
486 140 16
492 477 20
147 285 16
77 490 45
162 8 40
327 158 43
483 157 7
169 302 11
139 128 43
316 382 22
474 212 31
13 65 43
158 167 2
409 294 43
205 433 43
471 128 10
179 97 40
49 82 45
93 492 35
114 441 4
357 187 29
151 388 4
141 278 43
4 416 23
165 297 40
444 28 7
427 191 4
38 64 30
282 340 19
111 43 25
133 386 49
46 378 42
418 295 25
355 215 26
173 249 7
283 415 13
258 11 5
402 19 1
349 158 31
493 75 32
441 408 37
61 452 19
406 416 34
286 11 40
499 330 30
223 232 21
79 490 16
439 433 2
220 453 37
86 442 49
40 385 19
12 356 15
266 138 36
43 393 40
34 187 12
335 368 39
464 95 35
60 365 21
58 141 4
88 183 19
349 319 14
71 276 16
343 266 10
242 162 32
108 244 40
299 450 8
292 459 46
190 219 14
341 119 14
252 300 45
239 42 32
179 165 5
187 390 38
37 191 45
450 260 36
66 116 6
175 106 9
63 437 7
351 319 31
407 199 4
232 486 11
256 9 2
372 485 17
284 94 2
131 228 41
152 195 38
408 300 42
174 144 0
412 39 26
228 107 37
298 341 33
429 420 48
1 87 42
245 111 26
318 462 48
109 197 42
276 278 18
192 204 47
123 428 19
348 152 18
305 380 49
116 113 48
84 469 20
324 286 20
343 250 5
469 324 48
244 463 45
217 44 28
62 330 16
195 45 7
234 37 5
200 142 25
187 456 14
365 4 31
429 109 5
136 251 33
165 65 30
158 492 20
17 398 5
443 376 35
11 47 34
104 56 19
287 121 31
241 481 47
432 490 30
484 310 0
394 343 2
133 437 17
24 477 36
360 262 16
448 205 32
141 177 14
422 432 7
188 452 32
298 55 5
31 203 32
41 465 41
477 183 15
449 439 38
292 59 5
483 417 8
256 482 47
2 50 41
330 201 40
484 204 8
461 484 44
135 248 15
129 60 48
83 121 23
20 81 24
381 296 35
441 410 33
477 125 42
84 494 22
165 195 16
394 228 39
237 417 14
244 411 23
110 59 14
119 436 30
38 324 43
397 293 46
465 367 36
224 393 34
480 280 30
77 19 16
145 125 13
318 71 23
175 451 36
448 273 5
343 42 31
340 440 8
495 349 11
86 95 2
